sample,reads,pairs,agree,agree_chance,phi_mid,phi_hi,phi_lo,copy_err,erasure,denovo,coherent_gain,pdr,cell,klass
GSM5652176,3262375,560927,0.8219821191255186,0.785748401940398,0.261443844430014,0.0794163937630575,0.345446269929085,0.03521245661757809,7.687010553624907e-05,0.011203709972598225,0.000241950170860907,0.4280913758368053,adipocytes,stromal
GSM5652177,3101248,547415,0.8254993750301708,0.7872329077402982,0.2775569768049983,0.09386110296003514,0.360252410507757,0.034781861670585855,7.53232437930324e-05,0.011511509128641021,0.00029041948952823494,0.4238634053797683,adipocytes,stromal
GSM5652178,3014243,549408,0.8273343509481484,0.7886793715139403,0.28424770176407926,0.10331366502943969,0.33781837783151136,0.03297152856734596,6.627246203035335e-05,0.012279459688084466,0.00031770748554136766,0.40517369374642265,adipocytes,stromal
GSM5652179,3098295,553224,0.8006416765201221,0.7743476446207535,0.15069759917343178,0.10059776869506706,0.22830756385292447,0.03478110762819128,7.246238950185045e-05,0.01290775740343838,0.0003768571238424673,0.46235594737710606,aorta endothelium,stromal
GSM5652180,2825677,541563,0.8249798840690885,0.7890858507913548,0.25844915617761777,0.13024063770940117,0.3578621870279638,0.03297209526786843,7.027159973296792e-05,0.01246459622222679,0.00047766838632766733,0.4174530406563507,aorta endothelium,stromal
GSM5652181,2958699,560616,0.8225596002749633,0.7889792163628877,0.2567421863315249,0.08735919014797543,0.3108016051062424,0.034302164140963605,6.787673263408672e-05,0.012636520454671922,0.00046033761464177135,0.4243243600155828,vascular saphenous endothelium,stromal
GSM5652182,3228087,585454,0.8377230788016662,0.8152080070873975,0.18667640483875955,0.09296149781736061,0.3244699441603021,0.03206646374879139,5.214023672976435e-05,0.011802281731152924,0.0003757584879998224,0.39367898887312647,vascular saphenous endothelium,stromal
GSM5652183,3164455,575835,0.8392933984737893,0.8112282661168312,0.23727503177179385,0.10326257291743707,0.33269541216277543,0.032231941657872874,5.6459818208834706e-05,0.011241268410118651,0.000385746884977715,0.3858050498038148,vascular saphenous endothelium,stromal
GSM5652184,3371036,591786,0.8324381701119729,0.805727110474275,0.23344591551956898,0.06709514095414569,0.28884466851237645,0.032674996714173475,5.6689001227161566e-05,0.013450876654071318,0.0004807505912456868,0.40072349170760163,kidney glomerular endothelium,stromal
GSM5652185,3284229,590927,0.8379625818490914,0.8187637323891735,0.16724666955210418,0.07246533949772274,0.3499773264672534,0.03228773628807372,6.990273420683367e-05,0.012390601333813067,0.0005155514745586201,0.39726995316585795,kidney glomerular endothelium,stromal
GSM5652186,3054551,571926,0.8291613761115773,0.8018937212526965,0.23456534762768297,0.07003370081900234,0.28812618884226476,0.034108235205509436,6.16657762003055e-05,0.012326631713766372,0.00041582119560446885,0.41541303575407557,kidney glomerular endothelium,stromal
GSM5652187,3430154,598936,0.8302304753225193,0.810038769515047,0.16168455087716105,0.07031909293863932,0.3496274593125477,0.032584245608051496,5.8505176139337555e-05,0.013171667483685597,0.0006806287173180621,0.407301821558964,kidney tubular endothelium,stromal
GSM5652188,2743678,548595,0.837476119012247,0.8158782474687613,0.20919334691272412,0.07420928271433833,0.34245782341294034,0.032551170944828546,6.517644290773477e-05,0.012718677759947438,0.0005378625439126924,0.39793484871724566,kidney tubular endothelium,stromal
GSM5652189,2429606,496640,0.8386486754714263,0.8191250735875337,0.19186622271251458,0.08089313875111395,0.3877221997373276,0.0318352196652756,4.832736890158149e-05,0.01305918519265382,0.0005062780624995978,0.38919623830701827,kidney tubular endothelium,stromal
GSM5652191,3234172,570774,0.8020152871475092,0.7745021242186017,0.16640024587520055,0.0922757104294281,0.3395896125029756,0.03503080673853717,7.751020115086006e-05,0.013722502420583682,0.00039332241887545677,0.4588607610083152,lung alveolar endothelium,stromal
GSM5652192,3406666,593949,0.8313746048273624,0.7998850368863619,0.25632448323466783,0.07711740182577646,0.2811876254138255,0.03239864372727808,6.682408765901028e-05,0.01373074219300906,0.0005401687918569555,0.4043270540471664,lung alveolar endothelium,stromal
GSM5652193,3201359,576495,0.8226904459653172,0.7937105646024868,0.2148585892937863,0.09097095798629536,0.3568698170973605,0.032310550360388095,6.505598343035128e-05,0.013905564719840101,0.0005914229422222539,0.41486879236886537,lung alveolar endothelium,stromal
GSM5652194,2276255,454062,0.8351073460525509,0.802220131725581,0.27721035257854315,0.13088195583069223,0.39913116490175704,0.03320188333291188,5.722932856688445e-05,0.011231696220998231,0.00043632141898981565,0.4054441260744986,pancreas endothelium,stromal
GSM5652195,2905806,550279,0.8281954472700697,0.7968777512074583,0.2622572726187349,0.0844774800873895,0.3383803852290887,0.03338809020090747,4.301730600096969e-05,0.012419496638373573,0.0003863207479678416,0.4099279167200278,pancreas endothelium,stromal
GSM5652196,2452367,484706,0.8262682963482214,0.7946438502584693,0.26394879442628444,0.10083152908263067,0.37459543231395387,0.03336326864525431,5.739620947779781e-05,0.012554698260625784,0.00047648016346593886,0.41452552084544825,pancreas endothelium,stromal
GSM5652198,3476111,581671,0.8154768985497592,0.7627019545379325,0.29279473777510295,0.19373958690819523,0.43390283977280575,0.034218227251924846,8.170645884693706e-05,0.012144198095246873,0.0004066883528718477,0.43953250246504083,colon fibroblasts,stromal
GSM5652199,3420573,574542,0.8088912371725043,0.7506196259998619,0.31710081476734986,0.15945302765198308,0.42143899781488053,0.034821282710877526,0.00011502399266622888,0.011474718926291616,0.0004813240917527014,0.45557384721004757,colon fibroblasts,stromal
GSM5652201,3569797,575392,0.7666927489240658,0.720157892601611,0.18858359236292302,0.15885262637926545,0.2303219464697995,0.03948153305312739,0.00016359672118935675,0.015951610812314835,0.0004508820023461041,0.5441409362776776,heart fibroblasts,stromal
GSM5652202,3197424,549569,0.7630499427796003,0.7239518941621623,0.17220098315283025,0.10779049187837154,0.20673931651915822,0.0404310062583672,0.0001196477761455246,0.015408924807011325,0.0003386493998212474,0.5503408447204686,heart fibroblasts,stromal
GSM5652203,3400516,566416,0.7694581407092875,0.7327764030087996,0.16514008003194874,0.10741347596352814,0.19135957170947618,0.03875138977536346,0.000144152429876842,0.015289354256032148,0.0003865361720549809,0.5335360515027995,heart fibroblasts,stromal
GSM5652205,3156953,561325,0.8111208801978437,0.7696498358764507,0.2766069784205577,0.09906732512035366,0.3949167631550934,0.03469209727835071,6.182098851497567e-05,0.014232509747443532,0.0003816917451443465,0.43958668291533964,striated muscle,terminal
GSM5652206,3287273,567061,0.8140338452860285,0.769765483935409,0.2933623277333605,0.0994196943528312,0.3612541467394097,0.03425998563054246,6.093056200827132e-05,0.013033982678937923,0.00032081118616508617,0.43329671230310507,striated muscle,terminal
GSM5652207,3605651,573187,0.7521454051467229,0.6945850343111603,0.20100183426320714,0.2017732169198935,0.2052797583662943,0.041999857801606456,0.0002002255406806967,0.016222105796287977,0.0003831257705344511,0.5834249481509654,smooth muscle,stromal
GSM5652208,3368366,574655,0.7693469194122403,0.7372557531338939,0.14912544296334465,0.15911008285046244,0.18045084793746294,0.038628292653873436,0.0001491645191584675,0.01610942544832147,0.0005633540614285159,0.5412329933199637,smooth muscle,stromal
GSM5652209,3119407,532489,0.7545258804412115,0.694527009099635,0.22832821127274297,0.14839810427396974,0.21581105202043194,0.04173636236358679,0.0002102249059731181,0.017535268076438328,0.00031846798870940847,0.5856740111678699,smooth muscle,stromal
GSM5652212,2923613,568331,0.8418491268397645,0.8264712822976199,0.14378150911873008,0.07294308788580153,0.37384605783974306,0.031566329576567784,5.56156828350808e-05,0.011975217810338475,0.00032526023819611394,0.38934129653133553,cardiomyocyte,terminal
GSM5652213,2920257,568373,0.8453980442061182,0.8323263765003076,0.1352820782435809,0.05940628239851,0.30523667253113707,0.03082798182963077,4.764199781664905e-05,0.012178745874911244,0.00031271575854419163,0.378514730721544,cardiomyocyte,terminal
GSM5652216,2657540,547143,0.8455411861045198,0.8299058479964685,0.15159677153175607,0.08087767463100304,0.40784999119374243,0.031420968740456516,5.896028967247559e-05,0.011752797802564429,0.00032166671208104405,0.384456641211417,cardiomyocyte,terminal
GSM5652219,2388990,488481,0.8593770947649999,0.8414455047218753,0.2002123205856812,0.09235861117465231,0.43745481576185524,0.030344483923606537,4.036390630142958e-05,0.011451128309817473,0.00027252648773547206,0.3387157188987736,oligodendrocytes,terminal
GSM5652220,2934977,571736,0.8537175026004785,0.839807154615732,0.16245627968043647,0.05400742838556861,0.28585882868017504,0.02892923629189566,5.052696378375572e-05,0.01340464901352783,0.00038085929046979524,0.3554301241614636,oligodendrocytes,terminal
GSM5652221,2630136,547703,0.851851833486391,0.8377426117664385,0.16220020455101178,0.06265684982761849,0.31944073185733196,0.029347545371305146,4.208867482518884e-05,0.011885996707979156,0.00027385080724244586,0.3624731002512546,oligodendrocytes,terminal
GSM5652223,2469575,482867,0.8720821210312649,0.8300320064821293,0.4111031153931439,0.18980749687169068,0.35697655252077687,0.026323796620289174,4.6286595115006045e-05,0.012355509184261827,0.0002701383728458679,0.3109121326158735,cortical neurons,terminal
GSM5652224,2423022,528463,0.8962740615894154,0.8616610941611258,0.46014293789993976,0.1721845818160355,0.4122368123630808,0.024050897661541462,3.554767811660135e-05,0.011002807804750502,0.0003388600327740014,0.26179741170248216,cortical neurons,terminal
GSM5652225,2667417,560013,0.8867239690353552,0.8520372752440943,0.41275850374814227,0.15887381403346607,0.47895039863830474,0.024112319141022028,4.383024191924337e-05,0.01164366620718783,0.00040716671271097816,0.2877809315015052,cortical neurons,terminal
GSM5652233,3207547,573644,0.8242570572877838,0.8069404857342282,0.12650387895887283,0.07078484947951284,0.1923337247191269,0.03231128166729638,6.0829121586166404e-05,0.011088192431690645,0.00023876694958942335,0.407961846177018,hepatocyte,secretory
GSM5652234,3077143,571691,0.8243094293260227,0.8008181184329828,0.15725999874146404,0.10802517616551874,0.35450537321700637,0.03114771453181466,7.939830520708522e-05,0.012783492870477023,0.0005110484436853742,0.40997763377173996,hepatocyte,secretory
GSM5652235,3327311,590403,0.8272353071552435,0.8064884734197642,0.14630790699858953,0.08740902851832852,0.3349624224035557,0.030420373369940468,6.806774819661226e-05,0.013687629899859017,0.0006800817793797752,0.40217559842301526,hepatocyte,secretory
GSM5652239,2805264,563835,0.850125805482351,0.8374230860249594,0.14757442675990226,0.047840514983401576,0.2377841525922559,0.029646390298133343,4.780331509861579e-05,0.0113600260421294,0.00038167640521951366,0.36169218886337695,pancreatic duct,secretory
GSM5652240,2889969,566316,0.8420622636008072,0.827017844602287,0.15241866870331344,0.0620861537466525,0.28153803189218557,0.030985640975032074,5.107075890654298e-05,0.01109983627274595,0.0003541544320836247,0.3789380939306977,pancreatic duct,secretory
GSM5652241,2419721,466518,0.8418235002114443,0.8264009046165751,0.1666338372202796,0.06196345393942226,0.28400325111286256,0.030442298454054748,4.917369283085384e-05,0.011073953709949012,0.0003745088698227922,0.3736615367777163,pancreatic duct,secretory
GSM5652243,4075268,621635,0.7730056088640125,0.7469730555842478,0.14018470313898965,0.06972619292404089,0.2326655979036316,0.03781256724644409,0.000117218130815434,0.014100081042842818,0.00047346533701460146,0.5186626466601225,pancreatic acinar,secretory
GSM5652244,3046333,546689,0.768394100117266,0.7401901030303862,0.15237873945961758,0.07787753865190451,0.2864522085549871,0.03855524043086439,9.222614389028724e-05,0.013846033876950646,0.0003493809001030559,0.5262339195699085,pancreatic acinar,secretory
GSM5652245,2739375,505635,0.8022227048590908,0.7738773464571597,0.175060031146521,0.10711621290984359,0.3307325233454605,0.037905301595083214,8.687328369184537e-05,0.008580539199566962,0.00020452944562822717,0.47805262225255796,pancreatic acinar,secretory
GSM5652247,2385958,487205,0.823717778570301,0.8038584650543245,0.16894958576065397,0.10395333135915041,0.26489726636805777,0.03435432630317035,7.165427443735616e-05,0.013533105699113519,0.0003479141309148095,0.42721231369485213,pancreatic delta,secretory
GSM5652248,2872823,561332,0.8315223361591784,0.8148691931924564,0.14886486759836867,0.07670866037831187,0.22814153446553231,0.033086988272516445,4.779842254981324e-05,0.013328686776982495,0.0004053272868273867,0.4057213053943596,pancreatic delta,secretory
GSM5652249,2389280,481092,0.818537297702445,0.7975831521040219,0.16522457314675665,0.10630370737613305,0.24877270709270555,0.03460323825947866,7.782987309896702e-05,0.013743584251337863,0.000442365069922784,0.4341331293761433,pancreatic delta,secretory
GSM5652250,2633994,539301,0.8362532802382391,0.8174686075375812,0.17498655053883796,0.0978854381773487,0.2856225593463994,0.03214293876007713,7.182315358847173e-05,0.013349204556315327,0.00041444744684733216,0.39572267572391495,pancreatic beta,secretory
GSM5652251,2826111,537310,0.8285285314694288,0.808665674120261,0.16683649878681056,0.09128635883408644,0.27538281976054746,0.033051308292819215,7.794059367949749e-05,0.012911628653038514,0.0003600719475548107,0.4070322524620049,pancreatic beta,secretory
GSM5652252,2662686,538199,0.8429728473251877,0.8249634227633311,0.17625663415103152,0.09562337122723948,0.26251099368007036,0.031360154147141224,5.63403293937358e-05,0.013687523337067265,0.0004956690506378456,0.38421615545147236,pancreatic beta,secretory
GSM5652253,3195290,580696,0.8239960580907837,0.8027362780384848,0.1614703871144798,0.09753540013756679,0.211859912063842,0.03346842322365339,7.970225846370402e-05,0.014209995564968105,0.00044989372538844873,0.421927699939746,pancreatic alpha,secretory
GSM5652254,2872335,552204,0.8229468151498632,0.8019687093427219,0.15994235532421203,0.09921027973979023,0.2212839395079125,0.033400376571814966,8.52656158848763e-05,0.014781867063393456,0.00047052524083357515,0.423932909352091,pancreatic alpha,secretory
GSM5652255,2886828,555280,0.8316302447789042,0.8117503078018798,0.16372454365677117,0.09789937083909878,0.2199618087008438,0.03249466852908885,8.152016291491019e-05,0.014322272995816203,0.000434053943259504,0.40611605350382807,pancreatic alpha,secretory
GSM5652256,2876567,566983,0.8463763369358013,0.8250026730395247,0.21594233158326948,0.07524396463794378,0.38897685267153126,0.0314690546817722,4.292722961484089e-05,0.011830439019329597,0.0004631396421597869,0.3810347520459944,kidney glomerular epithelium,cycling
GSM5652257,2646771,536867,0.8429452644818421,0.8156445891965091,0.25814206004703877,0.10746681608493525,0.457680376335343,0.0313550698044471,4.708611165172943e-05,0.012563374178698397,0.0003858629139185498,0.38301068757758333,kidney glomerular epithelium,cycling
GSM5652258,3216895,598544,0.8448562307870392,0.8249196598601837,0.1964929134060749,0.06990751100293163,0.385273794453781,0.03192425139386399,5.921917646783385e-05,0.012225101322171285,0.00047624742542023784,0.38759459267989516,kidney tubular epithelium,cycling
GSM5652259,2964303,569340,0.8409902863179235,0.8177889727035569,0.22342191892206406,0.07399886603145164,0.33423043092851973,0.03193923802753365,6.213312150237418e-05,0.012668528971246132,0.00041638550439592874,0.3938776139995998,kidney tubular epithelium,cycling
GSM5652260,3036931,583150,0.858600829688917,0.8391202890168195,0.2106229903754254,0.08803609064494022,0.3495381702461222,0.028688470126789746,5.496839820476836e-05,0.01332052478454191,0.0005939507053850799,0.35430104322441897,kidney tubular epithelium,cycling
GSM5652264,2829172,564531,0.8468208042050837,0.8357070704538083,0.135167466758464,0.03905656351126919,0.20750720416960883,0.03174388536706137,5.0861030791708186e-05,0.013041372174941078,0.0003555036891303881,0.3802606877586001,thyroid epithelium,secretory
GSM5652265,2819638,557908,0.8499139353241384,0.8383504044722616,0.13992426490272164,0.04493288287089724,0.23667733149927808,0.030946253823076537,4.368141921946891e-05,0.013378172959386692,0.00036213317912853297,0.3704546753627632,thyroid epithelium,secretory
GSM5652266,2753651,559098,0.8486295622490126,0.837543678443763,0.13804095245387882,0.04209268225347561,0.20893381995669713,0.031060729123625234,4.5026365300145506e-05,0.013910079434272983,0.0004291085440278989,0.37490127281911995,thyroid epithelium,secretory
GSM5652267,3134486,592304,0.8465377074416784,0.8313231006370086,0.16031049334509234,0.04819709393530202,0.2667673564048544,0.030308644718174634,6.28826518467266e-05,0.011210070195514744,0.000531420517186039,0.37694260810728425,fallopien tubes epithelium,cycling
GSM5652268,2745288,545334,0.8420886369633922,0.8245982531136423,0.17640617094582278,0.06469062021988778,0.30254139947922276,0.03064844399092212,7.109520065574867e-05,0.011093089608959713,0.0005310611582883594,0.37715955125676076,fallopien tubes epithelium,cycling
GSM5652269,2702498,546838,0.8426784474255317,0.8229982605199858,0.18757719057544742,0.07818960789079189,0.28511342136409823,0.02965006942369545,9.062428599047401e-05,0.012312336966287262,0.0005320862738780492,0.3809866151013776,fallopien tubes epithelium,cycling
GSM5652271,2856344,553948,0.8322462978665817,0.8143615380005346,0.16491376654914006,0.06237359268781939,0.2667210384749991,0.031178499856394634,6.373496580901455e-05,0.011669554329310019,0.0005707380283330664,0.40153023866786963,endometrium epithelium,cycling
GSM5652272,2443137,486852,0.8372807244048853,0.80342140038913,0.298092885230639,0.11155902994735009,0.4527453345123147,0.030968778600979834,5.797845686195744e-05,0.011141352788490384,0.0004326105765677242,0.39060713427587446,endometrium epithelium,cycling
GSM5652273,3285908,593890,0.83207763483792,0.8139689264484583,0.16008338667467867,0.05605964400106527,0.2514700054569612,0.031237917360336667,6.0712767895088334e-05,0.011600047172463622,0.0005652734037370742,0.4078388153966371,endometrium epithelium,cycling
GSM5652274,5010556,617786,0.7597068604323479,0.6424364803795029,0.3113119934820837,0.3270895271680535,0.209954784964072,0.03860653279161946,0.00042909092711899277,0.014232030633839259,0.0004152685148927293,0.5985465038186274,erythrocyte progenitors,progenitor
GSM5652275,4538527,601395,0.7535653590355502,0.6264557682632611,0.32644100451757985,0.3133765461857048,0.21024475099847148,0.04021188977871057,0.0004910519794662112,0.015778042400589873,0.0003966868300343511,0.6231500075683025,erythrocyte progenitors,progenitor
GSM5652276,2688914,450573,0.7585890392001927,0.6465131954011327,0.3386232042506752,0.3722088596097513,0.28235798674869544,0.039470926378187374,0.00034888740398204707,0.014813967607873988,0.00043718253493184653,0.6051632767808488,erythrocyte progenitors,progenitor
GSM5652279,3069111,577283,0.849754929097008,0.8296940345331878,0.20351443181007756,0.10363436458573465,0.2359138282248065,0.027705211991878954,5.7104185499686325e-05,0.01629856648703193,0.0006784266054259433,0.3560406572452744,cd4 t cells,immune
GSM5652280,2397042,479097,0.8411828923723775,0.8161217956416302,0.2425062007327871,0.13779029933268488,0.29761082520704735,0.028774965691500325,5.742624408804179e-05,0.015334628455331381,0.0006637063878139842,0.3767089716286358,cd4 t cells,immune
GSM5652281,2969104,566752,0.8556894906719655,0.8355664267475807,0.21482378216143078,0.10770608104308856,0.24973609333085098,0.02821225499908411,4.836466678380106e-05,0.01292063291766141,0.0006404346271605341,0.34942807164662776,cd4 t cells,immune
GSM5652282,2937732,536596,0.7980327002739376,0.7679007266681591,0.200724558445428,0.10514443106129182,0.31425671960803836,0.0332931478227179,0.00010320238737679134,0.016329632156814093,0.0009579001111784438,0.4633685494767102,cd8 t cells,immune
GSM5652283,2549176,495396,0.7974678578553575,0.7619670213629903,0.23154350236104285,0.12035337808133723,0.3654104837080204,0.03514288312725634,0.00011150696523117924,0.013512869863799624,0.0010608517557096557,0.4856414220424572,cd8 t cells,immune
GSM5652284,3000760,554446,0.8366706063681063,0.8068209511444135,0.257097231228053,0.12098376273836728,0.3700415710671188,0.02970770048534255,6.718345588093341e-05,0.01345161831581574,0.0007236493957398476,0.3862517552496086,cd8 t cells,immune
GSM5652285,3090769,566470,0.8203074259710839,0.8017075478961054,0.1494872461555647,0.067959985547764,0.26514285347100003,0.0324546189783971,5.374155160016669e-05,0.013711762196141168,0.000820492310651364,0.42169626311241115,t central memory cd4,immune
GSM5652286,2738355,529478,0.8194506762605659,0.800373600660726,0.15820928324170688,0.07938816998922181,0.26811471317705626,0.03299280526830881,7.410960963754301e-05,0.013668790449942712,0.0007625491592605208,0.4270451565613289,t central memory cd4,immune
GSM5652287,2506590,482285,0.8106710145208803,0.7880818055350938,0.17178117737755605,0.09930838548247059,0.2933384682094248,0.03338071387954113,7.890435237166378e-05,0.013846901680753554,0.0009256572350030671,0.443424684899957,t central memory cd4,immune
GSM5652288,2550140,504148,0.8092486495492398,0.7845484643703357,0.189410386965352,0.0998962745895818,0.34641146662063127,0.03337780438179347,6.970127574350071e-05,0.014388937702827797,0.0011950593236387675,0.4550227269384093,t effector cell cd8,immune
GSM5652289,2944079,545751,0.7968700044825334,0.7725015205107078,0.16016873553618766,0.09288795459058344,0.30684596988475227,0.03468926431090241,8.964298112587017e-05,0.014937464626174965,0.0011844241166506424,0.47455729756432985,t effector cell cd8,immune
GSM5652290,2998029,542483,0.7847354321015703,0.7557758760052947,0.16478275540653237,0.10746749506393823,0.2971511112796796,0.03570569347859369,9.107983836923947e-05,0.015192214721287884,0.0011526827330590023,0.49713232530222745,t effector cell cd8,immune
GSM5652291,2648608,507250,0.799209673330333,0.7740236152582596,0.16966439606521744,0.09928775925259857,0.3038744269843754,0.035324863818745535,8.864327840784255e-05,0.013893716742506267,0.0009829568307623481,0.47806911255218976,t effector memory cd4,immune
GSM5652292,3020883,542698,0.7844377686733772,0.7571819235318201,0.1539124000247615,0.10179300259625729,0.27933431662031166,0.03641447289047608,9.289868011485655e-05,0.014828924430341867,0.0008987226927479919,0.5007264333339464,t effector memory cd4,immune
GSM5652293,2987136,538803,0.7793682768094469,0.7507241077092588,0.15407639261026213,0.10725643657498549,0.27413456276727205,0.036361471131135505,0.00010436187833453809,0.015150692531166618,0.0010236687617161703,0.5090782671380794,t effector memory cd4,immune
GSM5652295,3010202,543432,0.7802787657237007,0.7513864226706714,0.15698135692644785,0.1066904216947874,0.30008914776369455,0.03682715661057359,8.884530100320373e-05,0.014748703973153535,0.001089006829395574,0.5119085936911076,effector memory cd8 t cells,immune
GSM5652296,2694076,562280,0.8804665721491843,0.8707540242316834,0.17703313550999095,0.047805504256577945,0.22754384421565585,0.024797091254327774,3.71934869689501e-05,0.01401690178952664,0.0006425892966606494,0.29668371103449326,naive cd4 t cells,immune
GSM5652298,2614250,556878,0.8862995865263938,0.8774614342129448,0.17834502120544615,0.04464967936984241,0.22647739997275357,0.02378467315402701,2.5693891312062032e-05,0.013538729845236798,0.0005816024897467142,0.2853691542395635,naive cd8 t cells,immune
GSM5652299,2784623,560773,0.8616713498124073,0.843718631792829,0.19026307462993122,0.12594059505412558,0.24224152083550768,0.02748855781525545,5.975031198198613e-05,0.013775933728323782,0.0005969072076723614,0.34270547190136497,nk cells,immune
GSM5652300,2965889,554686,0.8324323061474956,0.7973744483353362,0.2805060925958508,0.13147931981563735,0.33686853570451986,0.03084797636305962,5.859653412769199e-05,0.012024692494835024,0.0006781885641914977,0.4056921181183569,nk cells,immune
GSM5652301,2358276,491820,0.864171547546831,0.8501257838285213,0.17669368065053656,0.11159063670831376,0.24277278552430206,0.02707175316666956,5.7651746110881995e-05,0.014021194383870844,0.000415726181822819,0.3303719475429605,nk cells,immune
GSM5652302,2099101,428617,0.8641455589859912,0.8481436664619824,0.1923383346491361,0.14010534120579685,0.33906423340630076,0.028391327162807515,5.2033495460298e-05,0.01029657757536538,0.000472521703031709,0.3418180726823906,monocytes,immune
GSM5652303,2415987,506246,0.8659626809031418,0.8520959218738394,0.1740075854585498,0.11016446485101787,0.3008124945734969,0.027558116238940628,3.392941389361028e-05,0.01081394672998392,0.00047035878580700436,0.33131840328582096,monocytes,immune
GSM5652304,2840588,565948,0.8672361091451701,0.8529246546786211,0.16266430764555656,0.10754316683271477,0.24101743481879198,0.02603217997032449,4.9115665858231576e-05,0.012662315156609613,0.0005264631067816346,0.3234540775812143,monocytes,immune
GSM5652305,3500312,590537,0.8451918070121356,0.7943324348511255,0.32483638102929174,0.2423277458726116,0.45489496712593863,0.028867339427519467,9.169983561455939e-05,0.012577106056935352,0.0006229716814112172,0.3839306238985078,colon macrophages,immune
GSM5652306,2987764,571539,0.8607966885644052,0.8310836421681759,0.23780928031816262,0.21159079805470293,0.439421431675195,0.027015208058841413,7.691806506725353e-05,0.011881583179089161,0.0006265404956008717,0.34712709775436407,colon macrophages,immune
GSM5652308,2539849,533341,0.8708090694874533,0.8534433447442328,0.206932794861651,0.1305824657027792,0.4032821875509588,0.025879498361978625,5.2053138267181326e-05,0.011993054263786673,0.0004467913350961714,0.3240218016413337,lung alveolar macrophages,immune
GSM5652309,3356908,601969,0.8660329919307204,0.846924187504586,0.1931122405602995,0.117008458840331,0.3519408996395148,0.02649328492431883,4.866902711448172e-05,0.01220713228939474,0.0005001698585692265,0.3320298014870534,lung alveolar macrophages,immune
GSM5652310,2923197,567406,0.8613389132094776,0.8361890248698357,0.24380918720142433,0.15415379878981608,0.3824642692048509,0.02670505822806284,5.244333497655783e-05,0.012232471220784209,0.0006080752955844272,0.34506553281651525,lung interstitial macrophages,immune
GSM5652311,3183713,598157,0.8685478386678851,0.8532377789262743,0.17431581785767575,0.09795451679972882,0.3001168775296275,0.026125610856157742,4.562210138921941e-05,0.01233673146504877,0.00048646938242051535,0.32968391162196103,lung interstitial macrophages,immune
GSM5652312,2922522,576033,0.8705417809620587,0.855852992514039,0.18174615208071246,0.10149850468908315,0.3042954616264119,0.02568066087856135,4.449924560199123e-05,0.01135332074340744,0.0005242993995110872,0.31799784498213307,lung interstitial macrophages,immune
GSM5652316,2582766,510115,0.838791919027358,0.8028795603357649,0.3071431144328888,0.15987375606239182,0.39043131970855816,0.029978818902473964,5.730185139879996e-05,0.012341314812696895,0.0007569062496750918,0.387135363686414,b cells,immune
GSM5652317,2454107,507058,0.8501980402481797,0.822701605885016,0.2886204773371103,0.13818767977714388,0.3416833985328638,0.02754883582696363,6.207807813989633e-05,0.014787144886681935,0.0007764427493916184,0.3636078607808057,b cells,immune
GSM5652318,3066594,582672,0.8643571826870804,0.8398829970745407,0.26924194685821784,0.13704577815075356,0.27803788262389334,0.026050363578999088,4.9050845358064935e-05,0.014074345009344484,0.0007033414669586087,0.3327358550508171,b cells,immune
GSM5652319,2523706,488025,0.8037433944491214,0.7766001981503936,0.2042451244653302,0.09254951675260768,0.3808565935877424,0.0348122649163864,9.642575748298709e-05,0.013364302574864026,0.0009623305529873814,0.4650696021016668,memory b cells,immune
GSM5652320,2462712,469297,0.7996620259194686,0.7695911533954617,0.2124207702801909,0.10859530109852185,0.3885346798201542,0.03552166579088167,0.00010952745422991117,0.012645010522990295,0.0008292952616345247,0.47630320815061494,memory b cells,immune
GSM5652322,3175236,562124,0.8017087028485789,0.7711608471307803,0.18556318451111578,0.1050591152922576,0.36072423587462965,0.037967612099021365,0.00010292289812932724,0.011311187410520106,0.0003791102694179351,0.4742932807816019,tonsil palatine epithelium,cycling
GSM5652323,3402799,578326,0.809026047247149,0.7810315463190515,0.1754790388100866,0.09819752077207618,0.38383783911536723,0.03738882487186863,9.629862860165064e-05,0.010613062819272115,0.0003983670972921097,0.45403687175725377,tonsil palatine epithelium,cycling
GSM5652324,3263529,571438,0.8101502975721765,0.7837927200156266,0.1774902393089461,0.09222747550985738,0.3424295000638709,0.036537770885621344,0.00010457601820193603,0.011003260071281034,0.00041797307992132133,0.45011717570604953,tonsil palatine epithelium,cycling
GSM5652325,3351859,579018,0.791574696630332,0.7648034205886327,0.15240138382510707,0.09624926507851674,0.30724733162353124,0.03852685775468982,0.0001182313507243836,0.012323928740332996,0.0004390304264471477,0.49464328711244565,tonsil pharyngeal epithelium,cycling
GSM5652326,2752233,524339,0.8187834501857252,0.7949943050694058,0.17878078395774197,0.09958190361914891,0.3106351947930824,0.03556247463191774,5.19283981572837e-05,0.010589417208400039,0.0001902936377209756,0.43129033707192166,tonsil pharyngeal epithelium,cycling
GSM5652327,2904232,560010,0.8316335702779736,0.8115296267255324,0.17625570776320185,0.08263801495590058,0.3008009548416803,0.03357744283262961,8.718821677511795e-05,0.010817516044685858,0.0006136429099197255,0.4168735980433023,tongue epithelium,cycling
GSM5652328,3285276,584125,0.8135759295656927,0.7946865538149743,0.1414172815789579,0.08141132678624645,0.2489746950996152,0.03554343332855517,8.811117262819846e-05,0.012162473768262825,0.0005706607003162793,0.4471406524788279,tongue epithelium,cycling
GSM5652329,3424624,598814,0.8270992821154985,0.8094291428191113,0.15012335929001958,0.06031922480444526,0.27637366526995166,0.03414722935638575,7.497219614009456e-05,0.012057500131059783,0.0004248315263568644,0.42055563731736706,tongue epithelium,cycling
GSM5652335,3040347,577115,0.8332290623343449,0.8163113142233398,0.1611875954129481,0.04942954266619221,0.3184580163772257,0.03357684458787384,6.183281290715804e-05,0.010779864305717432,0.00040930396572608804,0.41004658615442674,lung bronchus epithelium,cycling
GSM5652336,3210607,579924,0.8168186917668198,0.7948372287660943,0.17155711450863825,0.058970132111354504,0.3150757693878144,0.03609659877127476,7.477684948488439e-05,0.010277502621583985,0.00034396075273800575,0.434926846696971,lung bronchus epithelium,cycling
GSM5652337,3870635,620948,0.8343726961990026,0.8169880666019455,0.15655976247085088,0.043295007306045595,0.290949794887972,0.03375408520967089,5.7231627196727186e-05,0.009830319827224012,0.0003280090220908548,0.3999628963756877,lung bronchus epithelium,cycling
GSM5652338,2927713,562102,0.8437700434402047,0.8157957852538709,0.25665348129845095,0.08678389604443773,0.39004354121305823,0.031117566607871773,7.744488768910777e-05,0.010316281526286294,0.00047199064144125627,0.379217521543585,prostate epithelium,secretory
GSM5652339,2910433,549069,0.8270914661812782,0.8048110182986604,0.19628315204545532,0.06657936284018079,0.3263869083582392,0.0328291543614859,5.335033210581736e-05,0.012008571884252037,0.0004234128696463167,0.40409396869607866,prostate epithelium,secretory
GSM5652340,3055704,578437,0.8475542917057207,0.815981050986728,0.27239515228485967,0.1283169441172098,0.45641582165840283,0.029515730324842913,7.013035097844907e-05,0.011033460345013558,0.00058070843921124,0.3714079140870902,prostate epithelium,secretory
GSM5652342,3059295,570062,0.8189981361386081,0.7948875926408677,0.16918358848931753,0.10742998932714384,0.4449290210056491,0.03443794893983174,7.789070981144588e-05,0.012426118179277764,0.0006373213259447119,0.439996883035923,bladder epithelium,cycling
GSM5652343,3107811,584085,0.8164332027996398,0.7951901873521491,0.15868741981548815,0.08912955279165018,0.3869026605625886,0.03465207460517155,7.927796213232828e-05,0.012634622704576931,0.000774710283303426,0.44756759569104515,bladder epithelium,cycling
GSM5652344,2608624,519650,0.8261036786209145,0.8030628698628104,0.1862421411409017,0.08276585323990149,0.48282645935669655,0.03420973833991675,7.368683656478213e-05,0.011950936987615221,0.0006141070392019369,0.42993469355028313,bladder epithelium,cycling
GSM5652347,2923663,569499,0.8587564750227218,0.8368935214309244,0.24859041348416108,0.06585939923210335,0.3157872012583875,0.029310601753049798,6.00442771848034e-05,0.00966520561092222,0.0005699873011042772,0.3494670675607588,breast luminal epithelium,secretory
GSM5652348,2287933,475085,0.8492035915075464,0.8231725918835922,0.2692067872276741,0.1093583495510102,0.34326272734507013,0.029576463995163598,7.093811319594722e-05,0.011899655062986925,0.00045068186305266674,0.3688835990967743,breast luminal epithelium,secretory
GSM5652349,2772264,547513,0.8440423070095806,0.8196035356852104,0.21281142886446555,0.10674599515229014,0.33130422583707836,0.029062525498573792,8.131013740557325e-05,0.012576658469009743,0.0005624215255943301,0.37794071095422577,breast luminal epithelium,secretory
GSM5652350,2447797,532723,0.8651259104797486,0.8486753551651074,0.19571822740925315,0.1250033262246884,0.3701805247136882,0.028020000899152988,6.480907887615219e-05,0.012171958750584234,0.0003414247688753203,0.33438778450014406,breast basal epithelium,cycling
GSM5652351,2373198,513099,0.8622813976258371,0.8404115741471366,0.24302966614820337,0.1386761555920332,0.4063217947632575,0.028381150448576836,5.270220416833895e-05,0.0114988645227199,0.0002933603915153272,0.3382182405001313,breast basal epithelium,cycling
GSM5652352,2355179,512249,0.8605721488605296,0.8422619061363026,0.2070679608611032,0.11124213263552005,0.4410673305772967,0.02839165317822636,6.3237575498265e-05,0.01218725185305186,0.0003514446855278265,0.34261821503365925,breast basal epithelium,cycling
GSM5652354,3487002,597418,0.8327682981297735,0.8095204638242351,0.19337580443927097,0.0710851903961447,0.2902831329556792,0.031906065025042764,7.441300254734743e-05,0.013008793265476038,0.0004535066383646769,0.40119410994168997,lung alveolar epithelium,cycling
GSM5652355,2995142,563996,0.8337881002309926,0.8133017330206391,0.1845683543899714,0.06787990571625624,0.2299502556911298,0.03163916409642461,5.114061469996057e-05,0.012738642288190289,0.0002947622588860075,0.39629317725237984,lung alveolar epithelium,cycling
GSM5652356,3393178,585920,0.8335965678825771,0.8125487338006125,0.18110575396645665,0.06728678264957706,0.23230492503446112,0.0314336931988817,4.871136760260606e-05,0.01300700208065036,0.00039538997763032674,0.39476218850571765,lung alveolar epithelium,cycling
GSM5652359,3269914,573755,0.8121502150270327,0.7864242749688043,0.15641485205180583,0.11766651163481472,0.2846129952561987,0.03386788859113899,8.073744110754154e-05,0.010514740030820544,0.0004400107660805134,0.43519612181083367,gastric fundus epithelium,secretory
GSM5652360,3441669,588975,0.8090730996520946,0.7846245163271993,0.14916992995509962,0.09495988588506626,0.26663013840138505,0.0352869720967769,8.224098051750778e-05,0.009858229178792683,0.00040514663308914393,0.4480302377058979,gastric fundus epithelium,secretory
GSM5652361,3206685,579836,0.8287566171918124,0.8096588714124854,0.14874488591437116,0.0779450952614814,0.2737852435898492,0.032163572442551684,7.53223612220152e-05,0.010392829631404667,0.000499041196613754,0.4052727390344503,gastric fundus epithelium,secretory
GSM5652362,3286398,578035,0.8190228874430054,0.7961259957836131,0.1555138233958951,0.10035465443647515,0.2776117164975765,0.03372772803641926,7.921114164644471e-05,0.010336277052138479,0.0004254251263727728,0.4280867578823,gastric body epithelium,secretory
GSM5652363,2848343,542100,0.8173012254222249,0.7944636551339224,0.1581321180623725,0.10249436375417514,0.280921929703144,0.034289877274593976,8.83446234134378e-05,0.009583204710579015,0.00039936016026215297,0.43092159720964646,gastric body epithelium,secretory
GSM5652364,3078002,570590,0.8340113423149437,0.8155283287752025,0.1528265832817327,0.0815334520127285,0.27298920383524694,0.03223062142252371,6.895118154947501e-05,0.009980337410477809,0.0005387615770257933,0.40191974250160456,gastric body epithelium,secretory
GSM5652365,3247209,578285,0.8246478831612499,0.8017067109247863,0.1566126812068125,0.1108364601113973,0.2673995589142823,0.03387229908740114,0.00011528547781528857,0.009389792216209013,0.0004507382921611917,0.42588639754290725,gastric antrum epithelium,secretory
GSM5652366,3195135,574704,0.8281765895921249,0.8078676740583323,0.1519824436333801,0.08939281719110348,0.27266352450801146,0.03293084415291089,7.569410887401107e-05,0.009384743973101522,0.0003778782252856984,0.4057208001418866,gastric antrum epithelium,secretory
GSM5652367,2997441,557762,0.8309813994149872,0.8117354268089402,0.15656103562517654,0.08330909817154415,0.30046634683093576,0.031937041817884725,6.636584343054828e-05,0.010164969559525056,0.00046798872302702456,0.3994396425566886,gastric antrum epithelium,secretory
GSM5652370,2933249,565586,0.8374119315248708,0.8199229510158783,0.1638079705914224,0.08129696789476572,0.3099709301067195,0.03222272188793941,8.423977262323409e-05,0.008567385822916811,0.0004663470564080928,0.39243727384745775,colon epithelium,cycling
GSM5652371,2848067,547747,0.8330215839997979,0.8107383906382457,0.17901828303566852,0.11652444241337055,0.2964879470985557,0.031247736865394886,8.306165864968938e-05,0.010084028011559268,0.00041530703055473156,0.4014959462300223,colon epithelium,cycling
GSM5652372,3227171,583802,0.8414178648391103,0.820221846744628,0.17769897983898864,0.10224131233128854,0.3869975405171498,0.030259218270668985,7.689011679411587e-05,0.009981479317978702,0.00043232715957497914,0.38253162314881695,colon enteroendocrine,secretory
GSM5652373,2567298,525256,0.8498744193864711,0.8307877710035202,0.1915836175465262,0.1112663837462752,0.33182421619137126,0.028876945058137645,7.74321995917155e-05,0.009919782918541536,0.000506615935673656,0.36369293522223367,colon epithelium,cycling
GSM5652375,2690200,544889,0.8438338990050682,0.8244800761144172,0.18401297973744865,0.10425770424357782,0.3538772762887646,0.03047971264271522,8.637589286384906e-05,0.009692615033007506,0.00038041029006097776,0.3828988176578932,colon enteroendocrine,secretory
GSM5652379,3112880,575238,0.8354222419267944,0.8159561980163892,0.17101595329045802,0.07803424255888519,0.3461142822955112,0.032677698261372075,8.770827473343875e-05,0.008102141697545877,0.0005216740531934029,0.39858282087492836,small intestine epithelium,cycling
GSM5652380,3114059,582276,0.8366914910258589,0.8183827335169666,0.16418339881018795,0.08050983498672372,0.2875474499638161,0.031894374508085487,8.241382729813973e-05,0.01056782623016817,0.0005678491042509196,0.3984708024374954,small intestine epithelium,cycling
GSM5652381,2595290,514690,0.829812338112797,0.809314522576784,0.1782878160978046,0.10717751489218225,0.3142403432216569,0.03232410688709465,7.679549393944234e-05,0.010713471001662013,0.00048520662922609545,0.40978205198865963,small intestine epithelium,cycling
