 SAM_uM  SAM_fall  share_copied  true_IAMA  StageQ_IAMA  z_sd002  z_sd004
     20         2          0.25     1.0167       1.0089      0.4      0.2
     20         2          0.50     1.0332       1.0178      0.9      0.4
     20         2          1.00     1.0660       1.0357      1.8      0.9
     20         4          0.25     1.0491       1.0265      1.3      0.7
     20         4          0.50     1.0973       1.0529      2.6      1.3
     20         4          1.00     1.1911       1.1047      5.2      2.6
     20        10          0.25     1.1400       1.0767      3.8      1.9
     20        10          0.50     1.2730       1.1436      7.2      3.6
     20        10          1.00     1.5217       1.2631     13.2      6.6
     40         2          0.25     1.0092       1.0049      0.2      0.1
     40         2          0.50     1.0184       1.0098      0.5      0.2
     40         2          1.00     1.0366       1.0197      1.0      0.5
     40         4          0.25     1.0273       1.0146      0.7      0.4
     40         4          0.50     1.0543       1.0293      1.5      0.7
     40         4          1.00     1.1075       1.0586      2.9      1.5
     40        10          0.25     1.0796       1.0431      2.2      1.1
     40        10          0.50     1.1568       1.0863      4.3      2.2
     40        10          1.00     1.3051       1.1591      8.0      4.0
     60         2          0.25     1.0063       1.0034      0.2      0.1
     60         2          0.50     1.0127       1.0068      0.3      0.2
     60         2          1.00     1.0253       1.0136      0.7      0.3
     60         4          0.25     1.0189       1.0101      0.5      0.3
     60         4          0.50     1.0377       1.0203      1.0      0.5
     60         4          1.00     1.0748       1.0405      2.0      1.0
     60        10          0.25     1.0556       1.0300      1.5      0.7
     60        10          0.50     1.1100       1.0600      3.0      1.5
     60        10          1.00     1.2157       1.1162      5.8      2.9
cells with Stage Q IAM-A_rel >= 1.08 (3 of 3 lines detectable at sd 0.02, z >= 4 each... >= 2 sd at sd 0.04): 6 of 27
