== response insilico_vehicle_SRR25322252.csv (eps_v 0.0500)
SAM_uM renewed  true_IAMA  StageQ_IAMA  power sd0.01  sd0.02  sd0.04
    30     0.3     1.0793       1.0341         1.00    0.86    0.38
    30     0.6     1.1562       1.0678         1.00    1.00    0.86
    30     1.0     1.2555       1.1098         1.00    1.00    1.00
    60     0.3     1.0429       1.0183         0.90    0.42    0.16
    60     0.6     1.0850       1.0367         1.00    0.90    0.42
    60     1.0     1.1403       1.0611         1.00    1.00    0.79
    90     0.3     1.0294       1.0125         0.65    0.24    0.11
    90     0.6     1.0584       1.0251         0.99    0.65    0.24
    90     1.0     1.0967       1.0418         1.00    0.96    0.51
== response insilico_standin_prostate_GSM5652341.csv (eps_v 0.0404)
SAM_uM renewed  true_IAMA  StageQ_IAMA  power sd0.01  sd0.02  sd0.04
    30     0.3     1.0793       1.0433         1.00    0.97    0.54
    30     0.6     1.1562       1.0867         1.00    1.00    0.97
    30     1.0     1.2555       1.1390         1.00    1.00    1.00
    60     0.3     1.0429       1.0233         0.98    0.59    0.22
    60     0.6     1.0850       1.0466         1.00    0.98    0.59
    60     1.0     1.1403       1.0776         1.00    1.00    0.93
    90     0.3     1.0294       1.0159         0.82    0.35    0.14
    90     0.6     1.0584       1.0318         1.00    0.82    0.35
    90     1.0     1.0967       1.0530         1.00    1.00    0.69
